{
 "cells": [
  {
   "cell_type": "code",
   "execution_count": 1,
   "metadata": {
    "scrolled": true
   },
   "outputs": [
    {
     "name": "stderr",
     "output_type": "stream",
     "text": [
      "/home/negi/.virtualenvs/env1/lib/python3.6/importlib/_bootstrap.py:219: RuntimeWarning: numpy.dtype size changed, may indicate binary incompatibility. Expected 96, got 88\n",
      "  return f(*args, **kwds)\n",
      "/home/negi/.virtualenvs/env1/lib/python3.6/importlib/_bootstrap.py:219: RuntimeWarning: numpy.dtype size changed, may indicate binary incompatibility. Expected 96, got 88\n",
      "  return f(*args, **kwds)\n"
     ]
    }
   ],
   "source": [
    "import pandas as pd\n",
    "import numpy as np\n",
    "import seaborn as sns\n",
    "import matplotlib.pyplot as plt\n",
    "import math\n",
    "%matplotlib inline\n"
   ]
  },
  {
   "cell_type": "markdown",
   "metadata": {},
   "source": [
    "### `Read data`"
   ]
  },
  {
   "cell_type": "code",
   "execution_count": null,
   "metadata": {},
   "outputs": [],
   "source": []
  },
  {
   "cell_type": "code",
   "execution_count": 2,
   "metadata": {},
   "outputs": [],
   "source": [
    "##ead data\n",
    "df=pd.read_csv('jester-data-1.csv',header=None)\n",
    "df.head()\n",
    "data=df.iloc[:1000,1:]\n",
    "n,m=data.shape\n",
    "#print(n,m)"
   ]
  },
  {
   "cell_type": "markdown",
   "metadata": {},
   "source": [
    "### `Gauge Set creation and normalization`"
   ]
  },
  {
   "cell_type": "code",
   "execution_count": null,
   "metadata": {},
   "outputs": [],
   "source": []
  },
  {
   "cell_type": "code",
   "execution_count": 3,
   "metadata": {},
   "outputs": [],
   "source": [
    "##create gauge set G\n",
    "invalid=99.00\n",
    "temp=[]\n",
    "mu=[]\n",
    "for col in data:\n",
    "    vals=list(data[col])\n",
    "    if vals.count(invalid)<=10:\n",
    "        temp.append(vals)\n",
    "        mu.append(sum(vals)/len(vals)) #calculate mu-mean rating over all users for each item in G\n",
    "G=np.array(temp).T\n",
    "A=G #normalized Gauge matrix\n",
    "G=pd.DataFrame(G)\n"
   ]
  },
  {
   "cell_type": "code",
   "execution_count": 4,
   "metadata": {},
   "outputs": [
    {
     "data": {
      "text/plain": [
       "array([[-1.34611805, -1.81304063,  0.97463059, ..., -0.48358756,\n",
       "         0.77653101,  0.33771645],\n",
       "       [-0.47482448, -0.11067084, -1.00478599, ..., -0.72530061,\n",
       "        -0.25581469, -0.31404809],\n",
       "       [ 1.45931163,  1.71116351,  2.03614737, ...,  0.36191881,\n",
       "         0.62987466,  0.67956031],\n",
       "       ...,\n",
       "       [ 0.504957  ,  0.68638169,  0.55210528, ..., -0.23208856,\n",
       "         0.04324925, -0.21162795],\n",
       "       [-0.34260484, -1.30718294, -1.26704308, ..., -0.75857285,\n",
       "        -1.45638386, -1.36751242],\n",
       "       [ 0.35578612,  0.67891515,  0.30858085, ...,  0.27678101,\n",
       "         0.52491472,  0.15681854]])"
      ]
     },
     "execution_count": 4,
     "metadata": {},
     "output_type": "execute_result"
    }
   ],
   "source": [
    "##normalize Gauge set\n",
    "\n",
    "for j in range(A.shape[1]):\n",
    "    #variance calculation for item\n",
    "    variance=0\n",
    "    for raw_rating in A[:,j]:\n",
    "        diff=raw_rating-mu[j]\n",
    "        variance+=diff*diff\n",
    "    variance/=n-1\n",
    "    #normalizing raw rating in G\n",
    "    k=0\n",
    "    for raw_rating in A[:,j]:\n",
    "        A[k][j]=(raw_rating-mu[j])/math.sqrt(variance)\n",
    "        k+=1\n",
    "#A=pd.DataFrame(A)\n",
    "A"
   ]
  },
  {
   "cell_type": "markdown",
   "metadata": {},
   "source": [
    "### `PCA using Pearson's correlation coefficient`"
   ]
  },
  {
   "cell_type": "code",
   "execution_count": null,
   "metadata": {},
   "outputs": [],
   "source": []
  },
  {
   "cell_type": "code",
   "execution_count": 5,
   "metadata": {},
   "outputs": [
    {
     "data": {
      "text/plain": [
       "array([[ 1.        ,  0.10327305,  0.14395353,  0.10596527,  0.04856609,\n",
       "         0.07493062,  0.19567325,  0.19175151,  0.18435285,  0.11720434,\n",
       "         0.05023974,  0.08362557,  0.03745062,  0.08280386,  0.08337641,\n",
       "         0.19249977,  0.03905127,  0.32792095,  0.04082113,  0.09405692,\n",
       "         0.09823001,  0.09687369],\n",
       "       [ 0.10327305,  1.        ,  0.22517141,  0.20266753,  0.19876671,\n",
       "         0.21824452,  0.19009947,  0.19437793,  0.30481104,  0.27086564,\n",
       "         0.04751611,  0.13729134,  0.04969601,  0.11485869,  0.10483848,\n",
       "        -0.00785227,  0.10340751,  0.08049652,  0.00885014,  0.09007988,\n",
       "         0.08968209,  0.09287266],\n",
       "       [ 0.14395353,  0.22517141,  1.        ,  0.23359621,  0.18288661,\n",
       "         0.18802959,  0.17384347,  0.17968823,  0.10355826,  0.15594568,\n",
       "         0.05559589,  0.1344644 ,  0.0462403 ,  0.11437201,  0.06210299,\n",
       "         0.02060896,  0.0481577 ,  0.0754229 ,  0.04930205,  0.05634542,\n",
       "         0.09916024,  0.04180995],\n",
       "       [ 0.10596527,  0.20266753,  0.23359621,  1.        ,  0.2881639 ,\n",
       "         0.13926852,  0.21573214,  0.11823478,  0.10578999,  0.06762428,\n",
       "         0.09693263,  0.07717866,  0.04096739,  0.11106791,  0.08250732,\n",
       "         0.07519482,  0.09941152,  0.07525465,  0.06983971,  0.04875736,\n",
       "         0.10056451,  0.06639138],\n",
       "       [ 0.04856609,  0.19876671,  0.18288661,  0.2881639 ,  1.        ,\n",
       "         0.16416833,  0.08611432,  0.15824934,  0.1266616 ,  0.15715652,\n",
       "         0.04641426,  0.11738461,  0.02594658,  0.09079105,  0.07387846,\n",
       "        -0.01430864,  0.03138208,  0.06251721,  0.02349389,  0.03004844,\n",
       "         0.0708527 ,  0.03750934],\n",
       "       [ 0.07493062,  0.21824452,  0.18802959,  0.13926852,  0.16416833,\n",
       "         1.        ,  0.09748199,  0.29240918,  0.20208647,  0.17552747,\n",
       "         0.02234999, -0.0075887 , -0.01938057,  0.04450008,  0.03057271,\n",
       "        -0.02985369, -0.04001215,  0.01089785,  0.03725118,  0.06267488,\n",
       "         0.08514833,  0.01676787],\n",
       "       [ 0.19567325,  0.19009947,  0.17384347,  0.21573214,  0.08611432,\n",
       "         0.09748199,  1.        ,  0.12448144,  0.18934732,  0.1379747 ,\n",
       "         0.0264011 ,  0.11862859,  0.00572967,  0.04918013,  0.03100969,\n",
       "         0.00117487,  0.0749618 ,  0.09964728, -0.02546968,  0.05808892,\n",
       "         0.05088771,  0.01820789],\n",
       "       [ 0.19175151,  0.19437793,  0.17968823,  0.11823478,  0.15824934,\n",
       "         0.29240918,  0.12448144,  1.        ,  0.31008254,  0.18414049,\n",
       "         0.07205591,  0.02625777,  0.08806604,  0.11623542,  0.05898287,\n",
       "         0.03888746,  0.09924755,  0.10198285,  0.09200243,  0.13141437,\n",
       "         0.1736599 ,  0.10064061],\n",
       "       [ 0.18435285,  0.30481104,  0.10355826,  0.10578999,  0.1266616 ,\n",
       "         0.20208647,  0.18934732,  0.31008254,  1.        ,  0.33370806,\n",
       "         0.04435141,  0.09078092,  0.10479723,  0.15067991,  0.10206092,\n",
       "         0.02012621,  0.06242203,  0.13435664,  0.10077151,  0.08364044,\n",
       "         0.15715153,  0.1347444 ],\n",
       "       [ 0.11720434,  0.27086564,  0.15594568,  0.06762428,  0.15715652,\n",
       "         0.17552747,  0.1379747 ,  0.18414049,  0.33370806,  1.        ,\n",
       "         0.03333936,  0.08084374,  0.08321235,  0.09309003,  0.07232586,\n",
       "         0.02130664,  0.05706457,  0.09593093,  0.09623644,  0.0810543 ,\n",
       "         0.19610506,  0.07074391],\n",
       "       [ 0.05023974,  0.04751611,  0.05559589,  0.09693263,  0.04641426,\n",
       "         0.02234999,  0.0264011 ,  0.07205591,  0.04435141,  0.03333936,\n",
       "         1.        ,  0.34198124,  0.3358521 ,  0.47403219,  0.33035864,\n",
       "         0.29685704,  0.39598127,  0.23997171,  0.26930801,  0.11005736,\n",
       "         0.14336234,  0.15233238],\n",
       "       [ 0.08362557,  0.13729134,  0.1344644 ,  0.07717866,  0.11738461,\n",
       "        -0.0075887 ,  0.11862859,  0.02625777,  0.09078092,  0.08084374,\n",
       "         0.34198124,  1.        ,  0.61192284,  0.66045949,  0.59064953,\n",
       "         0.46558537,  0.4237306 ,  0.55465064,  0.47566839,  0.24542283,\n",
       "         0.17985949,  0.34071209],\n",
       "       [ 0.03745062,  0.04969601,  0.0462403 ,  0.04096739,  0.02594658,\n",
       "        -0.01938057,  0.00572967,  0.08806604,  0.10479723,  0.08321235,\n",
       "         0.3358521 ,  0.61192284,  1.        ,  0.57261207,  0.64519699,\n",
       "         0.63042298,  0.42098458,  0.4668439 ,  0.67904829,  0.27919524,\n",
       "         0.2028815 ,  0.52008989],\n",
       "       [ 0.08280386,  0.11485869,  0.11437201,  0.11106791,  0.09079105,\n",
       "         0.04450008,  0.04918013,  0.11623542,  0.15067991,  0.09309003,\n",
       "         0.47403219,  0.66045949,  0.57261207,  1.        ,  0.66600491,\n",
       "         0.39369687,  0.48268503,  0.59481507,  0.39988939,  0.17841366,\n",
       "         0.21922405,  0.22745494],\n",
       "       [ 0.08337641,  0.10483848,  0.06210299,  0.08250732,  0.07387846,\n",
       "         0.03057271,  0.03100969,  0.05898287,  0.10206092,  0.07232586,\n",
       "         0.33035864,  0.59064953,  0.64519699,  0.66600491,  1.        ,\n",
       "         0.47091115,  0.42477466,  0.5577303 ,  0.51244593,  0.15386818,\n",
       "         0.18736692,  0.34766082],\n",
       "       [ 0.19249977, -0.00785227,  0.02060896,  0.07519482, -0.01430864,\n",
       "        -0.02985369,  0.00117487,  0.03888746,  0.02012621,  0.02130664,\n",
       "         0.29685704,  0.46558537,  0.63042298,  0.39369687,  0.47091115,\n",
       "         1.        ,  0.38052149,  0.40731395,  0.60623567,  0.26098864,\n",
       "         0.21576376,  0.48273018],\n",
       "       [ 0.03905127,  0.10340751,  0.0481577 ,  0.09941152,  0.03138208,\n",
       "        -0.04001215,  0.0749618 ,  0.09924755,  0.06242203,  0.05706457,\n",
       "         0.39598127,  0.4237306 ,  0.42098458,  0.48268503,  0.42477466,\n",
       "         0.38052149,  1.        ,  0.2941063 ,  0.28840042,  0.09681873,\n",
       "         0.07375052,  0.10947278],\n",
       "       [ 0.32792095,  0.08049652,  0.0754229 ,  0.07525465,  0.06251721,\n",
       "         0.01089785,  0.09964728,  0.10198285,  0.13435664,  0.09593093,\n",
       "         0.23997171,  0.55465064,  0.4668439 ,  0.59481507,  0.5577303 ,\n",
       "         0.40731395,  0.2941063 ,  1.        ,  0.24623986,  0.20443914,\n",
       "         0.26059529,  0.27029261],\n",
       "       [ 0.04082113,  0.00885014,  0.04930205,  0.06983971,  0.02349389,\n",
       "         0.03725118, -0.02546968,  0.09200243,  0.10077151,  0.09623644,\n",
       "         0.26930801,  0.47566839,  0.67904829,  0.39988939,  0.51244593,\n",
       "         0.60623567,  0.28840042,  0.24623986,  1.        ,  0.31248168,\n",
       "         0.28296853,  0.6221209 ],\n",
       "       [ 0.09405692,  0.09007988,  0.05634542,  0.04875736,  0.03004844,\n",
       "         0.06267488,  0.05808892,  0.13141437,  0.08364044,  0.0810543 ,\n",
       "         0.11005736,  0.24542283,  0.27919524,  0.17841366,  0.15386818,\n",
       "         0.26098864,  0.09681873,  0.20443914,  0.31248168,  1.        ,\n",
       "         0.23124653,  0.32832939],\n",
       "       [ 0.09823001,  0.08968209,  0.09916024,  0.10056451,  0.0708527 ,\n",
       "         0.08514833,  0.05088771,  0.1736599 ,  0.15715153,  0.19610506,\n",
       "         0.14336234,  0.17985949,  0.2028815 ,  0.21922405,  0.18736692,\n",
       "         0.21576376,  0.07375052,  0.26059529,  0.28296853,  0.23124653,\n",
       "         1.        ,  0.25899995],\n",
       "       [ 0.09687369,  0.09287266,  0.04180995,  0.06639138,  0.03750934,\n",
       "         0.01676787,  0.01820789,  0.10064061,  0.1347444 ,  0.07074391,\n",
       "         0.15233238,  0.34071209,  0.52008989,  0.22745494,  0.34766082,\n",
       "         0.48273018,  0.10947278,  0.27029261,  0.6221209 ,  0.32832939,\n",
       "         0.25899995,  1.        ]])"
      ]
     },
     "execution_count": 5,
     "metadata": {},
     "output_type": "execute_result"
    }
   ],
   "source": [
    "##find Pearson's correlation matrix\n",
    "\n",
    "C=np.matmul(A.T,A)/(n-1)\n",
    "C"
   ]
  },
  {
   "cell_type": "code",
   "execution_count": 6,
   "metadata": {},
   "outputs": [
    {
     "data": {
      "text/plain": [
       "array([[-9.62147598e-02, -2.00736574e-01, -2.48395952e-02,\n",
       "        -5.61737947e-01, -3.94649215e-01, -1.25139937e-01,\n",
       "         3.74784882e-02,  7.03312942e-02,  2.11997012e-01,\n",
       "         3.39091405e-01, -1.79423441e-02,  7.09733180e-02,\n",
       "         2.00650638e-01, -1.65183915e-02, -1.77721582e-01,\n",
       "         1.86903674e-01, -7.32455234e-02, -5.55804980e-02,\n",
       "        -1.60146064e-01, -2.89620460e-01, -1.92541902e-01,\n",
       "         1.70681861e-01],\n",
       "       [-8.85869368e-02, -3.55722158e-01,  6.49038161e-02,\n",
       "         9.14628339e-02,  1.44152279e-01,  8.48253224e-02,\n",
       "         6.57553154e-02,  3.14987526e-02, -3.23477739e-02,\n",
       "         2.85073516e-02,  1.44395052e-01, -1.10592946e-01,\n",
       "        -3.54344307e-01,  7.71292535e-02, -7.49357162e-02,\n",
       "        -1.67927164e-01, -4.17626645e-01,  3.87663945e-02,\n",
       "         1.52113347e-01, -2.85212983e-01,  2.29031900e-01,\n",
       "         5.35374767e-01],\n",
       "       [-7.70168465e-02, -2.91891041e-01,  1.05618267e-01,\n",
       "         1.89273855e-01, -2.54368840e-01,  1.84309972e-02,\n",
       "        -7.65631094e-03,  1.18170577e-03, -1.29605993e-01,\n",
       "        -3.50915154e-02, -4.31919407e-02,  1.41932962e-01,\n",
       "         8.66726287e-02, -2.92626504e-02, -4.93528771e-02,\n",
       "        -5.89510205e-01,  1.36340157e-01, -1.42288305e-01,\n",
       "        -4.95475517e-01, -1.82300112e-01,  1.97343847e-01,\n",
       "        -2.04720310e-01],\n",
       "       [-8.16885155e-02, -2.60764163e-01,  1.55937020e-01,\n",
       "         3.64091861e-01, -4.26176633e-01, -2.37421284e-02,\n",
       "        -4.48143102e-02,  3.95360210e-02,  9.10265228e-02,\n",
       "        -2.61312008e-02,  8.95781715e-03, -1.92539018e-01,\n",
       "         2.79489022e-03,  4.59638019e-02,  1.37226119e-01,\n",
       "         3.25011895e-01,  4.55795531e-01,  2.73399747e-01,\n",
       "        -1.45740309e-02,  1.46615025e-01,  1.06800191e-01,\n",
       "         3.07200469e-01],\n",
       "       [-6.25375193e-02, -2.71857109e-01,  1.28760891e-01,\n",
       "         4.10455370e-01, -1.12419286e-01,  1.63265658e-02,\n",
       "         4.95629344e-02,  1.06848334e-02, -9.20079328e-02,\n",
       "         1.82504950e-02,  1.68606665e-03,  1.90200659e-01,\n",
       "         1.29743013e-03, -4.24100846e-01, -1.35899664e-01,\n",
       "         3.73141046e-01, -2.67034623e-01, -1.80480816e-01,\n",
       "         2.09950225e-01, -1.97504319e-01, -1.73449147e-01,\n",
       "        -3.49368246e-01],\n",
       "       [-3.96338850e-02, -3.24709345e-01, -7.55485536e-02,\n",
       "         1.60721811e-01,  1.99060734e-01, -3.17995705e-02,\n",
       "        -3.54372660e-03,  4.70961819e-02,  4.41937758e-02,\n",
       "        -6.44549921e-02, -9.44275194e-02,  1.88455833e-01,\n",
       "         4.10502218e-01,  9.55852891e-02, -3.10723016e-01,\n",
       "        -2.39308537e-01, -1.89193869e-02,  5.73046664e-02,\n",
       "         1.27297933e-01,  3.85113239e-01, -4.48054370e-01,\n",
       "         2.60134153e-01],\n",
       "       [-5.69194081e-02, -2.70587951e-01,  1.34424638e-01,\n",
       "        -1.92987266e-01, -3.40349755e-01,  2.35475280e-02,\n",
       "         6.94760436e-02, -1.55519859e-02, -1.10693222e-01,\n",
       "         3.08210489e-02,  2.68956314e-02, -4.13108715e-02,\n",
       "        -3.37042936e-01,  3.95478711e-01,  1.83498305e-01,\n",
       "        -7.06030408e-02, -2.40250212e-01, -1.00744451e-01,\n",
       "         1.60130697e-01,  4.59015115e-01, -1.42596309e-01,\n",
       "        -3.12947850e-01],\n",
       "       [-9.34606315e-02, -3.26847547e-01, -1.22644944e-01,\n",
       "        -7.80387545e-02,  1.88894558e-01,  1.77364789e-03,\n",
       "        -7.30568186e-02, -6.12409047e-02,  4.95764095e-02,\n",
       "        -5.80028382e-02,  1.04444349e-01, -3.94770133e-01,\n",
       "         4.77380807e-01,  2.28598968e-01, -6.44112937e-02,\n",
       "         1.33135764e-01, -1.33410480e-01,  1.86861069e-01,\n",
       "         8.12219863e-02, -7.08919744e-02,  3.77124930e-01,\n",
       "        -3.70637971e-01],\n",
       "       [-1.05055035e-01, -3.41011018e-01, -1.08365073e-01,\n",
       "        -2.20548000e-01,  3.24098933e-01,  5.75687503e-03,\n",
       "        -7.32363767e-02, -1.54936366e-02, -5.23614567e-02,\n",
       "        -7.72772654e-02,  6.10090760e-02,  4.35882511e-01,\n",
       "        -1.99565053e-01,  1.04606785e-01, -7.12395603e-02,\n",
       "         2.63925732e-01,  4.32714900e-01, -3.37214786e-01,\n",
       "         3.37184879e-02,  5.83602128e-02,  2.61121945e-01,\n",
       "         5.42193297e-04],\n",
       "       [-8.67997322e-02, -3.10234985e-01, -1.06480759e-01,\n",
       "        -9.86637382e-02,  3.44025301e-01, -3.42981059e-02,\n",
       "        -1.03160921e-02, -4.69303493e-02,  9.89853761e-03,\n",
       "        -4.64891982e-02, -4.45391927e-02, -3.13068486e-01,\n",
       "        -3.39066156e-01, -1.78320026e-01,  1.52931515e-01,\n",
       "         2.57040646e-02,  1.49885217e-01,  2.68695013e-01,\n",
       "        -3.39901910e-01, -1.20090551e-01, -4.80568255e-01,\n",
       "        -1.57091574e-01],\n",
       "       [-2.12957367e-01,  5.82575961e-02,  2.63957964e-01,\n",
       "         9.03983067e-02,  1.40886528e-01,  6.10967453e-02,\n",
       "        -1.66895039e-01,  7.68188407e-02, -1.00597472e-01,\n",
       "        -6.40553399e-02,  3.06757438e-02, -2.27941090e-01,\n",
       "         2.66101790e-01,  2.35519111e-01,  3.96141257e-01,\n",
       "         1.09866171e-01, -2.75354949e-02, -5.71803812e-01,\n",
       "        -1.07777136e-01, -1.55195803e-01, -2.46471072e-01,\n",
       "         1.71773782e-01],\n",
       "       [-3.29283802e-01,  7.41159745e-02,  1.73122578e-01,\n",
       "         3.03343254e-03, -1.84310808e-02, -1.17235524e-01,\n",
       "        -4.16287260e-01, -8.10325247e-02,  7.01240391e-01,\n",
       "        -1.86150339e-01,  1.58253696e-01,  8.60199352e-03,\n",
       "        -1.42815453e-01, -1.15735927e-01, -7.32412705e-02,\n",
       "        -1.88872425e-01, -1.15031705e-02, -6.14559651e-02,\n",
       "         1.37256307e-01,  3.20172745e-02, -8.09767268e-06,\n",
       "        -1.09741472e-01],\n",
       "       [-3.49200058e-01,  1.53057945e-01, -8.12231581e-02,\n",
       "         7.95024719e-02,  5.20055412e-02, -3.15975075e-01,\n",
       "         1.40876288e-01,  7.89153433e-01, -9.64780050e-02,\n",
       "         2.84004472e-02,  1.81212996e-01, -4.63058036e-02,\n",
       "        -8.43669559e-02,  6.80015604e-02, -1.50440597e-01,\n",
       "         1.70844330e-03,  2.40511926e-02,  4.52405292e-02,\n",
       "        -4.12904980e-02,  3.94948737e-02,  2.64015626e-02,\n",
       "        -1.02466736e-01],\n",
       "       [-3.28941669e-01,  4.87050417e-02,  2.96561024e-01,\n",
       "        -4.54768710e-02,  1.46320787e-01, -1.73229234e-01,\n",
       "         7.33357932e-01, -3.06928335e-01,  1.13393117e-01,\n",
       "         1.12587087e-01,  2.19835618e-02, -9.04233735e-02,\n",
       "         7.71605442e-02, -1.34870717e-01,  3.01787819e-02,\n",
       "        -9.09038109e-02,  1.48973028e-01, -7.13864860e-02,\n",
       "         9.59189908e-02,  8.36460999e-02,  7.04525084e-02,\n",
       "        -3.20978872e-03],\n",
       "       [-3.29657899e-01,  1.00666265e-01,  1.52699207e-01,\n",
       "        -5.63465854e-03,  8.27750180e-02, -1.49957246e-01,\n",
       "        -4.42195129e-01, -2.43937195e-01, -4.25416966e-01,\n",
       "         5.29274907e-01, -4.59203720e-02, -1.05268447e-01,\n",
       "        -4.21708217e-02, -1.27168324e-01, -1.96686420e-01,\n",
       "        -3.25000713e-02,  3.35140753e-02,  6.99988672e-02,\n",
       "         2.79303966e-02,  1.70742722e-01,  6.82327404e-02,\n",
       "         2.92723575e-02],\n",
       "       [-3.01408301e-01,  1.59183350e-01, -1.56164930e-01,\n",
       "        -5.32362028e-03, -1.68576521e-01, -1.26439964e-01,\n",
       "         1.99070461e-02, -3.63240191e-01, -2.76611447e-01,\n",
       "        -4.32317369e-01,  4.70754369e-01,  1.93143229e-01,\n",
       "         3.35769033e-02,  1.48111915e-01, -9.77078031e-02,\n",
       "         1.37275941e-01, -1.18552753e-01,  1.71876366e-01,\n",
       "        -1.82220105e-01, -7.77545658e-02, -1.42344695e-01,\n",
       "         7.59118928e-02],\n",
       "       [-2.38097536e-01,  7.10104543e-02,  3.33979150e-01,\n",
       "         2.80507494e-02,  1.45970936e-01,  5.32823805e-02,\n",
       "        -2.10041568e-02,  4.39011737e-02,  4.81794753e-02,\n",
       "        -7.32178410e-04, -4.46371393e-01,  4.34107027e-01,\n",
       "         2.46075892e-02,  3.33342396e-01,  1.68420495e-01,\n",
       "         1.07360761e-01, -1.26550494e-01,  4.33911129e-01,\n",
       "        -4.98769105e-02, -2.11295876e-01,  9.29446949e-03,\n",
       "        -7.92249973e-02],\n",
       "       [-2.87078574e-01,  8.37596061e-03,  1.54137871e-01,\n",
       "        -3.66035360e-01, -1.14516145e-01,  4.92855358e-01,\n",
       "        -2.38866239e-02,  1.82925358e-01, -2.36889302e-01,\n",
       "        -4.12765399e-01, -1.96971758e-01, -1.29816627e-01,\n",
       "         6.67309329e-02, -3.58372404e-01, -9.23838957e-02,\n",
       "        -5.58044955e-02,  5.92028376e-02,  6.08987320e-02,\n",
       "         1.54072344e-01,  7.55471124e-02,  4.81242049e-02,\n",
       "         6.38182217e-02],\n",
       "       [-3.07039527e-01,  1.23737158e-01, -3.18162330e-01,\n",
       "         2.05595537e-01, -1.92491777e-03,  6.89497742e-01,\n",
       "         1.20604670e-01, -2.32463535e-02,  2.09406956e-01,\n",
       "         3.47648281e-01,  1.25079561e-01,  2.67581780e-02,\n",
       "        -4.73552526e-02,  1.36281616e-01, -8.82906792e-02,\n",
       "         6.79906251e-02, -3.32026820e-03, -3.17985754e-02,\n",
       "        -1.74569781e-01,  7.54296213e-02, -4.30614013e-02,\n",
       "        -5.54704539e-02],\n",
       "       [-1.67647339e-01, -3.35649759e-02, -3.56366687e-01,\n",
       "         1.41195457e-02, -1.36598149e-01, -2.14907108e-02,\n",
       "        -2.42549132e-02, -2.68445061e-02, -1.15719328e-01,\n",
       "         1.11037720e-01,  2.30725587e-02,  6.97353769e-02,\n",
       "         4.96539215e-02,  5.12027738e-02,  3.14236003e-01,\n",
       "        -3.03365052e-01,  2.87200825e-01,  7.42147292e-02,\n",
       "         5.81676901e-01, -3.73036200e-01, -1.59658626e-01,\n",
       "        -7.19496421e-02],\n",
       "       [-1.64784787e-01, -1.16291565e-01, -2.73489998e-01,\n",
       "        -4.88773084e-02,  2.28862981e-02, -1.05208404e-01,\n",
       "        -3.81201301e-02,  5.52950807e-02,  4.76037743e-02,\n",
       "         7.34066590e-02,  3.66889344e-02,  2.28001879e-01,\n",
       "         1.63273998e-01, -3.91657806e-01,  6.02630934e-01,\n",
       "         3.52409703e-03, -2.89015360e-01,  6.87609394e-02,\n",
       "        -1.53227916e-01,  3.08219208e-01,  1.96559689e-01,\n",
       "         1.28239518e-01],\n",
       "       [-2.49364166e-01,  5.30230444e-02, -4.48332277e-01,\n",
       "         1.24200702e-01, -1.29558336e-01, -2.33908786e-01,\n",
       "         4.19629247e-02, -1.52111471e-01,  3.86613018e-02,\n",
       "        -1.92703200e-01, -6.41896785e-01, -1.86187334e-01,\n",
       "        -1.35109448e-01,  8.05244516e-02, -1.39858544e-01,\n",
       "         8.34598128e-02, -1.12285528e-01, -2.40883901e-01,\n",
       "        -4.94082098e-02,  1.05662422e-02,  8.88080015e-02,\n",
       "         6.72090389e-02]])"
      ]
     },
     "execution_count": 6,
     "metadata": {},
     "output_type": "execute_result"
    }
   ],
   "source": [
    "##eigen analysis of Correlation matrix\n",
    "\n",
    "# E is eigen value list\n",
    "# V is eigen vector matrix--each column is a vector\n",
    "E,V=np.linalg.eig(C) \n",
    "\n",
    "#checking eigen analysis--(Correlation matrix*eigen vector=eigen value*eigen vector)- must be true\n",
    "for i in range(V.shape[1]):\n",
    "    LHS=np.matmul(C,V[:,i].T)\n",
    "    RHS=np.array([E[i]*v for v in V[:,i]])\n",
    "    if np.array_equal(LHS,RHS):\n",
    "        print('Eigen values are incorrect')\n",
    "\n",
    "#print(LHS,RHS)\n",
    "for i in range(V.shape[1]):\n",
    "    #print('eigen value=',E[i],'\\n','eigen vector=',V[:,i])\n",
    "    #print()\n",
    "    pass\n",
    "V\n"
   ]
  },
  {
   "cell_type": "code",
   "execution_count": 7,
   "metadata": {
    "scrolled": true
   },
   "outputs": [
    {
     "name": "stdout",
     "output_type": "stream",
     "text": [
      "Tranforming Matrix W:\n",
      " [[-0.09621476 -0.20073657]\n",
      " [-0.08858694 -0.35572216]\n",
      " [-0.07701685 -0.29189104]\n",
      " [-0.08168852 -0.26076416]\n",
      " [-0.06253752 -0.27185711]\n",
      " [-0.03963389 -0.32470934]\n",
      " [-0.05691941 -0.27058795]\n",
      " [-0.09346063 -0.32684755]\n",
      " [-0.10505504 -0.34101102]\n",
      " [-0.08679973 -0.31023498]\n",
      " [-0.21295737  0.0582576 ]\n",
      " [-0.3292838   0.07411597]\n",
      " [-0.34920006  0.15305795]\n",
      " [-0.32894167  0.04870504]\n",
      " [-0.3296579   0.10066626]\n",
      " [-0.3014083   0.15918335]\n",
      " [-0.23809754  0.07101045]\n",
      " [-0.28707857  0.00837596]\n",
      " [-0.30703953  0.12373716]\n",
      " [-0.16764734 -0.03356498]\n",
      " [-0.16478479 -0.11629157]\n",
      " [-0.24936417  0.05302304]]\n"
     ]
    }
   ],
   "source": [
    "##Dimension reduction\n",
    "\n",
    "#sorting eigen vectors w.r.t eigen values\n",
    "eigen_pairs=[(np.abs(E[i]),V[:,i]) for i in range(V.shape[0])]\n",
    "eigen_pairs.sort(key=lambda x: x[0], reverse=True)\n",
    "\n",
    "#reducing to 2 dimensions, so picking top 2 values in sorted list\n",
    "D=2\n",
    "selected=[eigen_pairs[i][1] for i in range(D)]\n",
    "W = np.vstack(tuple(selected)).T \n",
    "print('Tranforming Matrix W:\\n',W)\n"
   ]
  },
  {
   "cell_type": "code",
   "execution_count": 8,
   "metadata": {},
   "outputs": [
    {
     "name": "stdout",
     "output_type": "stream",
     "text": [
      "[[ 0.92156581  3.71026763]\n",
      " [ 1.28754249 -1.21376506]\n",
      " [-2.5878673  -2.67234142]\n",
      " ...\n",
      " [-0.06952503 -1.2986504 ]\n",
      " [ 3.92732725  2.07970494]\n",
      " [-0.25364919 -0.94538103]]\n"
     ]
    }
   ],
   "source": [
    "##transforming data samples(the Normalized Gauge set)\n",
    "\n",
    "def PCA(row):\n",
    "    return np.matmul(W.T,row)\n",
    "    \n",
    "transformed=A\n",
    "transformed=np.apply_along_axis( PCA, axis=1, arr=transformed )\n",
    "#print(transformed.shape)\n",
    "print(transformed)"
   ]
  },
  {
   "cell_type": "markdown",
   "metadata": {},
   "source": [
    "### `Visualing data after PCA`"
   ]
  },
  {
   "cell_type": "code",
   "execution_count": null,
   "metadata": {},
   "outputs": [],
   "source": []
  },
  {
   "cell_type": "code",
   "execution_count": 9,
   "metadata": {},
   "outputs": [
    {
     "data": {
